Waiving -0.2255467 -0.008773068 2.236391 -0.1523711 0.2895887 2.377819 0.2851906 0.3147895 2.379663 0.5470842 0.2029169 2.218052 0.06146705 0.3040164 2.364895 0.04473098 0.6560619 2.349854 
Waiving -0.225904 0.001724855 2.223732 -0.1526 0.2935781 2.380837 0.292182 0.3091089 2.377777 0.5444083 0.1906486 2.226805 0.06158436 0.3042305 2.364641 0.04479942 0.656009 2.349755 
Waiving -0.2224843 0.01130595 2.204729 -0.1530451 0.2980953 2.383455 0.2931108 0.3076969 2.378129 0.5405102 0.1849367 2.228872 0.06188215 0.3044721 2.36433 0.04493013 0.6559322 2.349401 
Waiving -0.2192182 0.02740723 2.195508 -0.1526332 0.3009923 2.385019 0.2787753 0.3072488 2.385447 0.5380415 0.1780878 2.23173 0.06234424 0.3045826 2.363964 0.04548563 0.655678 2.349102 
Waiving -0.2164192 0.05155682 2.186747 -0.1517859 0.3037233 2.386431 0.277953 0.3076508 2.386343 0.5349665 0.1724388 2.23111 0.06272501 0.3047466 2.36347 0.0458837 0.6551936 2.348186 
Waiving -0.2148683 0.05560521 2.187217 -0.1513617 0.3065045 2.386714 0.2763901 0.3073906 2.386976 0.5332649 0.1690401 2.231856 0.0632264 0.3050212 2.36301 0.0474649 0.6547679 2.347556 
Waiving -0.2135327 0.05765773 2.185446 -0.1507081 0.3081892 2.386977 0.2756761 0.3080119 2.387482 0.5296868 0.1643599 2.231551 0.06338786 0.3050078 2.362655 0.04796742 0.6545925 2.347226 
Waiving -0.2133118 0.04466953 2.17431 -0.1505338 0.3088425 2.386482 0.2747548 0.3081543 2.387623 0.526053 0.1626308 2.23033 0.06353358 0.3050242 2.362359 0.04798856 0.654591 2.347172 
Waiving -0.2114839 0.04334607 2.171798 -0.1501545 0.3089229 2.38509 0.2730999 0.3090411 2.388314 0.5248798 0.162226 2.229793 0.06376222 0.3050768 2.361962 0.04807421 0.6546596 2.347029 
Waiving -0.2080467 0.03847981 2.173177 -0.1497693 0.3086589 2.382282 0.2729682 0.3090386 2.388362 0.5255902 0.1616939 2.229372 0.06401006 0.3050909 2.361602 0.04820205 0.6544943 2.346831 
Waiving -0.2024579 0.0208353 2.177095 -0.1493769 0.3068241 2.378707 0.2727403 0.3088975 2.388103 0.5258376 0.1618574 2.228502 0.06425691 0.3050682 2.361261 0.04833869 0.6544405 2.346725 
Waiving -0.2014248 0.007966205 2.18679 -0.1482841 0.3025934 2.373872 0.2725425 0.3086658 2.387987 0.5266553 0.1621004 2.227817 0.06430187 0.305018 2.360944 0.04832062 0.6544607 2.346685 
Waiving -0.2025308 -0.005173773 2.206488 -0.1483306 0.3010195 2.371961 0.2714351 0.3088282 2.388475 0.5267162 0.1628204 2.227697 0.06455578 0.3051109 2.36044 0.04862598 0.6544262 2.346315 
Waiving -0.201213 -0.009038284 2.213022 -0.1487403 0.2999105 2.369627 0.270658 0.3087107 2.388407 0.527265 0.1640824 2.227702 0.06455283 0.3050705 2.360099 0.04841778 0.654451 2.346108 
Waiving -0.1972434 -0.01687179 2.229851 -0.1484767 0.297088 2.36828 0.2705715 0.3086137 2.388493 0.5277924 0.1646125 2.228107 0.06455031 0.3049356 2.359846 0.0484848 0.6544232 2.346064 
Waiving -0.1967597 -0.02431767 2.243799 -0.1486188 0.2963538 2.367788 0.2707913 0.3076943 2.388418 0.5300127 0.1640902 2.228939 0.06459405 0.3047992 2.35964 0.04848164 0.6544164 2.346061 
Waiving -0.1954068 -0.02875768 2.254996 -0.1490943 0.2951741 2.367095 0.2708759 0.3054539 2.388585 0.5316213 0.1638564 2.230436 0.06454566 0.3046343 2.3592 0.04845577 0.6544844 2.345859 
Waiving -0.1938282 -0.03289967 2.265055 -0.1491486 0.2935065 2.367062 0.2710816 0.3057045 2.388754 0.5316135 0.1615576 2.233317 0.06434681 0.303939 2.358871 0.0484645 0.6544883 2.345865 
Waiving -0.1939278 -0.03140315 2.269527 -0.1493534 0.2920536 2.367351 0.2752048 0.306978 2.388703 0.5312465 0.1541009 2.235304 0.06427596 0.3038255 2.358716 0.04822679 0.6546296 2.345713 
Waiving -0.1932599 -0.03235145 2.270776 -0.1496329 0.2902402 2.367835 0.2765729 0.3072723 2.388687 0.531336 0.1462344 2.239204 0.0642479 0.3037989 2.358697 0.04827091 0.6545778 2.34563 
Waiving -0.1935969 -0.03292148 2.272599 -0.1496288 0.289757 2.368249 0.2752581 0.3076866 2.388997 0.5293244 0.146219 2.239331 0.06428735 0.3037239 2.358663 0.04832772 0.6543557 2.345442 
Waiving -0.193829 -0.03344041 2.272638 -0.1495567 0.289863 2.36853 0.271461 0.3092869 2.389435 0.5244071 0.1519074 2.234719 0.06425382 0.3036491 2.358626 0.04807069 0.6544166 2.34524 
Waiving -0.1953293 -0.033328 2.272181 -0.1495439 0.2902949 2.368677 0.2652835 0.3124085 2.388886 0.5122955 0.169589 2.217888 0.06421796 0.3036397 2.358685 0.048085 0.6543967 2.345219 
Waiving -0.1974829 -0.032649 2.268436 -0.1495613 0.2903287 2.368702 0.2527599 0.3116087 2.394505 0.488725 0.2073423 2.18373 0.06418633 0.3036331 2.358773 0.04805031 0.654387 2.34525 
Waiving -0.202283 -0.03032576 2.258539 -0.1495258 0.2899075 2.368559 0.2446655 0.3080055 2.398139 0.4552492 0.2473988 2.155009 0.06419989 0.3037141 2.358825 0.04808875 0.6546047 2.345238 
Waiving -0.2107495 -0.02025419 2.243989 -0.1496948 0.2905096 2.368293 0.2493351 0.3128951 2.397926 0.4150742 0.2871267 2.131441 0.06452715 0.3037629 2.358899 0.04896704 0.654801 2.345213 
Waiving -0.212249 -0.01330396 2.224625 -0.1496529 0.2915452 2.368535 0.2566611 0.3356738 2.403727 0.3579656 0.3239545 2.119091 0.06486743 0.3038455 2.358954 0.04930422 0.6548391 2.345054 
Waiving -0.2144887 -5.116314E-05 2.206862 -0.1491487 0.2954748 2.36926 0.2552116 0.3349263 2.402572 0.3242615 0.3377241 2.112825 0.06527494 0.3036211 2.359133 0.0498119 0.6548347 2.345212 
Waiving -0.2248604 0.03958529 2.180199 -0.1491357 0.2994843 2.371235 0.2589177 0.3342564 2.397217 0.2737366 0.3487974 2.114511 0.06563502 0.3035497 2.359211 0.05015891 0.6548083 2.345343 
Waiving -0.2320676 0.06551934 2.140656 -0.1494825 0.308587 2.377033 0.2798634 0.2988197 2.341496 0.2225878 0.3625237 2.117402 0.06620552 0.3033452 2.359363 0.05098016 0.6548616 2.345495 
Waiving -0.2309368 0.121921 2.134936 -0.1484441 0.3185911 2.381967 0.3049023 0.3444147 2.372213 0.20496 0.3641656 2.116462 0.06684204 0.3035412 2.359384 0.05196244 0.6548706 2.345458 
Waiving -0.2331134 0.1667696 2.118224 -0.1513505 0.3351097 2.389312 0.3406027 0.3073313 2.389673 0.1859581 0.3600759 2.122816 0.06740495 0.3038885 2.359498 0.05298036 0.6552837 2.345772 
Waiving -0.2153485 0.218109 2.104182 -0.150268 0.3413822 2.392802 0.341336 0.3094321 2.389074 0.1682456 0.3515624 2.129644 0.06761815 0.30406 2.359568 0.05301575 0.6552938 2.345784 
Waiving -0.205479 0.2681445 2.093047 -0.1504821 0.3473566 2.397068 0.3272708 0.3248093 2.380423 0.1459161 0.3497604 2.125947 0.06784873 0.3041191 2.359699 0.05303309 0.6553011 2.345847 
Waiving -0.195659 0.3100385 2.05756 -0.1566311 0.3276739 2.391934 0.3244722 0.3299335 2.380603 0.1496432 0.3452888 2.127121 0.06844773 0.3044164 2.36001 0.05415644 0.6555004 2.346543 
Waiving -0.1893167 0.3513491 2.115855 -0.1527448 0.338577 2.396052 0.3223718 0.3325431 2.380057 0.1685679 0.3375123 2.124451 0.06869879 0.3043979 2.360099 0.05431155 0.6555629 2.346591 
Waiving -0.1438983 0.4534574 2.058795 -0.1634226 0.3525172 2.376503 0.3220929 0.3332458 2.379271 0.2041574 0.3259718 2.122081 0.06903706 0.3040658 2.360248 0.05437937 0.6556395 2.346736 
Waiving -0.1354193 0.4749526 2.074995 -0.1851653 0.3474149 2.34825 0.3178207 0.338514 2.37716 0.2142156 0.3495081 2.026066 0.06930391 0.3034156 2.360543 0.05455129 0.6555228 2.347141 
Waiving -0.1577734 0.4607906 2.124871 -0.191529 0.3532033 2.331349 0.2799061 0.3510506 2.407669 0.3146934 0.3382709 2.089258 0.06937517 0.3027285 2.360843 0.05449942 0.6557238 2.347365 
Waiving -0.1552363 0.4641516 2.126467 -0.1931432 0.3540684 2.326927 0.2809042 0.3509251 2.404438 0.3555265 0.3406759 2.092248 0.06975979 0.3019305 2.361269 0.05478844 0.6558827 2.347872 
Waiving -0.1535514 0.4649442 2.128592 -0.1931245 0.3552688 2.32095 0.2936491 0.3358767 2.382909 0.4252335 0.3385313 2.104491 0.07033999 0.3009812 2.361827 0.0556586 0.6564198 2.348871 
Waiving -0.1535999 0.4634535 2.128018 -0.1925286 0.3535483 2.314045 0.2961532 0.3350622 2.381162 0.4653739 0.3303036 2.125574 0.0707448 0.300546 2.362263 0.05619915 0.657276 2.349729 
Waiving -0.1648057 0.4443858 2.120873 -0.1627668 0.3514299 2.365148 0.2959087 0.3349225 2.381905 0.5175558 0.3142365 2.150386 0.07115122 0.3002089 2.362754 0.05673203 0.6575667 2.350487 
Waiving -0.1981733 0.3994972 2.1088 -0.1528559 0.3503051 2.382591 0.2978885 0.3316135 2.381726 0.568833 0.2870594 2.185524 0.07161346 0.3002139 2.363187 0.05731807 0.6576794 2.350914 
Waiving -0.2319213 0.3635734 2.090207 -0.1481464 0.3520274 2.387666 0.3106196 0.3213654 2.380793 0.5963954 0.2532353 2.212229 0.07263044 0.3001498 2.363631 0.06147198 0.6566759 2.351866 
Waiving -0.2496493 0.3174661 2.100135 -0.1464287 0.352026 2.388447 0.3248626 0.3088504 2.375316 0.6105689 0.21154 2.243993 0.07324424 0.3002935 2.364049 0.06193658 0.6563846 2.351957 
Waiving -0.2766215 0.2520114 2.117682 -0.1423384 0.3490892 2.386882 0.3225726 0.3002461 2.37749 0.6105032 0.1609259 2.280185 0.07399326 0.300216 2.364408 0.06315422 0.6562966 2.352772 
Waiving -0.301582 0.1961404 2.132756 -0.1368717 0.3353836 2.373692 0.3343459 0.2998217 2.383521 0.6007028 0.1251853 2.307078 0.07505391 0.3003892 2.3649 0.06426197 0.6561766 2.353645 
Waiving -0.3063174 0.1380194 2.153883 -0.1352114 0.3255997 2.364725 0.3345207 0.2986188 2.386794 0.5855144 0.1036994 2.325997 0.07611822 0.3004341 2.365409 0.06536186 0.6564665 2.354122 
Waiving -0.2908601 0.09776193 2.180361 -0.1340767 0.3192362 2.361408 0.3372742 0.2933452 2.396145 0.5729011 0.0856791 2.3461 0.07744911 0.300625 2.36574 0.06781296 0.6569015 2.354198 
Waiving -0.2840972 0.09114061 2.188179 -0.1328889 0.3145702 2.361675 0.3381228 0.2883562 2.404907 0.5586545 0.07312726 2.358453 0.07895268 0.3006606 2.366054 0.06921926 0.657459 2.354093 
Waiving -0.2731886 0.07881533 2.198491 -0.1311613 0.3119844 2.365245 0.3272944 0.2907927 2.414525 0.5496324 0.06639214 2.366292 0.08046795 0.3006631 2.366315 0.07214747 0.6578014 2.354266 
Waiving -0.2689267 0.07423536 2.200191 -0.129089 0.3115733 2.3726 0.3251061 0.2910444 2.418896 0.535603 0.05661244 2.374522 0.08205319 0.3007508 2.366464 0.07621177 0.6570522 2.352798 
Waiving -0.2642282 0.07123305 2.201349 -0.1276686 0.3108781 2.377612 0.3222869 0.2902196 2.422877 0.5306016 0.05356184 2.376058 0.0831984 0.3005863 2.366751 0.077067 0.6568975 2.352504 
Waiving -0.2557366 0.06622951 2.206124 -0.1268921 0.3108472 2.382312 0.3186679 0.2913856 2.424812 0.526115 0.05015203 2.375871 0.08462126 0.3002166 2.367093 0.07873164 0.6561725 2.352298 
Waiving -0.2489245 0.05968785 2.207061 -0.126415 0.3107515 2.384284 0.3163295 0.2935839 2.425598 0.5250821 0.04840445 2.373751 0.08569723 0.3000368 2.367336 0.07975587 0.6560831 2.352038 
Waiving -0.2444696 0.05703229 2.208564 -0.1259315 0.310995 2.385589 0.3165886 0.2930232 2.425478 0.5245284 0.04745588 2.370099 0.08744388 0.2997059 2.367911 0.08206058 0.6560723 2.352175 
Waiving -0.2422017 0.05582254 2.208645 -0.125787 0.3111255 2.385706 0.3170743 0.2929259 2.425234 0.5294186 0.0483313 2.362751 0.08839749 0.2998559 2.368367 0.08310076 0.6561285 2.352431 
Waiving -0.2407084 0.0550256 2.207274 -0.125572 0.3110819 2.385689 0.3238524 0.287868 2.421594 0.5350846 0.05286403 2.352446 0.08891752 0.299845 2.36846 0.08446216 0.6559832 2.352694 
Waiving -0.240193 0.05525836 2.204843 -0.1253889 0.3111913 2.385398 0.3252353 0.2886325 2.419062 0.5418367 0.06019501 2.338948 0.08981913 0.2998599 2.368542 0.08613898 0.6563724 2.352739 
Waiving -0.2389694 0.05543932 2.200963 -0.1252159 0.3113103 2.385123 0.3312318 0.2840087 2.416191 0.5504413 0.06692816 2.324409 0.09076771 0.2999698 2.36875 0.08781508 0.6563883 2.353089 
Waiving -0.2373109 0.05841144 2.19467 -0.124802 0.3115236 2.384743 0.3343547 0.28191 2.41308 0.5581605 0.07192436 2.312375 0.09181626 0.2999717 2.368645 0.08989052 0.6563358 2.353216 
Waiving -0.2364639 0.06303774 2.188525 -0.1243861 0.3118854 2.38447 0.3376229 0.2813768 2.409201 0.5608589 0.07678843 2.306363 0.09260084 0.3001121 2.368635 0.09108126 0.6563607 2.353251 
Waiving -0.2359413 0.06387482 2.18617 -0.1234202 0.3122607 2.384674 0.3384206 0.2821707 2.406586 0.5627481 0.08402017 2.299927 0.09419122 0.3002537 2.368807 0.09183298 0.6564741 2.353467 
Waiving -0.2348828 0.06638693 2.183547 -0.1225156 0.3128818 2.38504 0.3403929 0.2814809 2.405166 0.5649629 0.08606035 2.296798 0.09517249 0.3002261 2.368787 0.09263133 0.6563079 2.35344 
Waiving -0.2333142 0.06731001 2.182649 -0.1216121 0.3137543 2.385697 0.3407945 0.2822182 2.40414 0.5655397 0.08625613 2.29373 0.09591598 0.3003764 2.368799 0.09342837 0.6561513 2.35361 
Waiving -0.2324192 0.06816016 2.182456 -0.1205252 0.3138887 2.386297 0.3433482 0.2821285 2.401888 0.5667413 0.08589765 2.291703 0.09667976 0.3004454 2.368855 0.09401176 0.6560479 2.353701 
Waiving -0.2312438 0.06794859 2.183499 -0.1193349 0.3142763 2.387474 0.3442529 0.2816494 2.400078 0.5670293 0.08504835 2.291189 0.09756579 0.3003709 2.368822 0.0950328 0.6558388 2.353851 
Waiving -0.2296312 0.06705551 2.187102 -0.11803 0.3144473 2.388583 0.3454534 0.2804038 2.397839 0.5670722 0.07810815 2.288009 0.09818053 0.3004326 2.368718 0.09529359 0.6555649 2.353709 
Waiving -0.2237079 0.05848108 2.198014 -0.1172795 0.3144724 2.389334 0.3465491 0.2797275 2.396276 0.566445 0.07188945 2.286696 0.09881926 0.3005296 2.368682 0.09549636 0.6555054 2.353669 
Waiving -0.2185437 0.04672375 2.218916 -0.1163524 0.313733 2.390586 0.3475172 0.2786469 2.394749 0.5612504 0.06244857 2.288147 0.09978331 0.3009258 2.368622 0.09600094 0.6555416 2.353597 
Waiving -0.2168675 0.03343973 2.22946 -0.1137449 0.3089519 2.392231 0.3479107 0.2787921 2.394115 0.5537435 0.05480163 2.289968 0.1006907 0.3011275 2.368541 0.09702854 0.6555184 2.353708 
Waiving -0.2137396 0.01947702 2.240115 -0.1107749 0.3056945 2.393534 0.3482225 0.278801 2.393513 0.5459135 0.04518988 2.29051 0.1014437 0.3011527 2.368264 0.0982341 0.6553178 2.353404 
Waiving -0.2078084 -0.003982456 2.276316 -0.1086561 0.3023148 2.393794 0.3478685 0.2790059 2.392398 0.5390974 0.03847206 2.292534 0.1023705 0.3012461 2.368093 0.09866714 0.6554412 2.353592 
Waiving -0.2072411 -0.01041273 2.281071 -0.1061576 0.2979584 2.393894 0.3479182 0.2774988 2.391321 0.531759 0.03151015 2.296868 0.1029156 0.3012891 2.367941 0.09888928 0.6553698 2.353625 
Waiving -0.2015463 -0.01347007 2.289541 -0.105384 0.2966782 2.394269 0.3486624 0.2753011 2.390501 0.5269798 0.02105026 2.300526 0.1035749 0.3012864 2.367594 0.09901774 0.6555582 2.353501 
Waiving -0.1957535 -0.01895522 2.300068 -0.1032287 0.2940322 2.394355 0.3485354 0.2748042 2.390236 0.5192267 0.01232612 2.307336 0.1042386 0.3012883 2.367326 0.09957279 0.655668 2.353517 
Waiving -0.1913779 -0.02508358 2.308704 -0.102403 0.2881539 2.393993 0.3480017 0.2744902 2.389963 0.513516 0.00927982 2.311034 0.1048273 0.3011068 2.366871 0.09976452 0.6556726 2.35325 
Waiving -0.1888734 -0.02656307 2.311682 -0.1022321 0.2877746 2.394053 0.3469887 0.2734734 2.389564 0.506758 0.004338155 2.314906 0.1053826 0.3010974 2.366548 0.09986825 0.6556938 2.353157 
Waiving -0.1850512 -0.02764868 2.31457 -0.1016448 0.2877928 2.394091 0.3462516 0.2729205 2.389631 0.5033662 -0.0007668019 2.319015 0.1062438 0.3007151 2.365959 0.1013351 0.6555426 2.35279 
Waiving -0.1832805 -0.02840312 2.314968 -0.100994 0.2850975 2.393622 0.3450931 0.2721661 2.39007 0.5002677 -0.004503704 2.321495 0.1065909 0.3005606 2.36567 0.1014938 0.6555289 2.35266 
Waiving -0.1828091 -0.02849968 2.314871 -0.1007818 0.2835216 2.392866 0.3439654 0.2716837 2.390534 0.4990402 -0.006176535 2.32286 0.1067907 0.3004009 2.365287 0.1016343 0.6555565 2.352361 
Waiving -0.1829578 -0.02852316 2.314376 -0.1007613 0.28352 2.39267 0.343345 0.2709154 2.390791 0.4975316 -0.007679229 2.323451 0.1072497 0.300236 2.364924 0.1022327 0.6557198 2.351966 


SlideRight -0.1493814 -0.01137644 2.215978 -0.1297873 0.3000456 2.370181 0.2812156 0.2858211 2.383197 0.2957599 -0.03389895 2.265494 0.07931154 0.290289 2.374938 0.06529313 0.6521134 2.361444 
SlideRight -0.1497627 -0.009985034 2.215312 -0.1297906 0.3000824 2.370196 0.2811514 0.2861404 2.383943 0.2957323 -0.03390305 2.265458 0.07954043 0.2902101 2.375366 0.06543983 0.6520101 2.362246 
SlideRight -0.1505065 -0.009628095 2.213977 -0.1299356 0.2996969 2.370095 0.2810692 0.286177 2.384175 0.2957504 -0.03385308 2.265436 0.07973712 0.2901038 2.375908 0.06573807 0.6520641 2.363058 
SlideRight -0.1505016 -0.009748964 2.213845 -0.1299381 0.2996907 2.370113 0.2813832 0.2864512 2.385122 0.2957122 -0.03387248 2.265436 0.07976466 0.2901262 2.376165 0.06579676 0.6520224 2.363355 
SlideRight -0.1503691 -0.01090231 2.213825 -0.1299056 0.2996416 2.370156 0.2814886 0.2865785 2.385696 0.2954695 -0.03414134 2.265401 0.07987406 0.2899032 2.376836 0.0662332 0.6515474 2.364301 
SlideRight -0.1500999 -0.01270823 2.214603 -0.1308255 0.2978703 2.369742 0.281178 0.2848476 2.385662 0.2954572 -0.03413421 2.265722 0.0794942 0.289886 2.377291 0.06558562 0.6519382 2.364811 
SlideRight -0.1499815 -0.01363686 2.215417 -0.1313424 0.2972508 2.369905 0.2810319 0.2835266 2.385873 0.2953749 -0.03462289 2.266846 0.0794371 0.2898151 2.377808 0.06554386 0.6521181 2.3652 
SlideRight -0.1487495 -0.0181004 2.218863 -0.1317735 0.2972136 2.370264 0.2811388 0.2817247 2.386063 0.2952433 -0.03495394 2.267344 0.07926375 0.2897756 2.378464 0.06555474 0.6521436 2.365614 
SlideRight -0.1475919 -0.0213681 2.223361 -0.132127 0.2966956 2.370286 0.2811435 0.2815582 2.386292 0.2957599 -0.035304 2.269183 0.07896895 0.2899259 2.379037 0.06555876 0.6522371 2.365878 
SlideRight -0.1464601 -0.02399591 2.228945 -0.1326886 0.2974036 2.371002 0.2806311 0.2798209 2.386791 0.29583 -0.03537274 2.269241 0.07858392 0.2898017 2.380008 0.06555893 0.6525447 2.366885 
SlideRight -0.1467437 -0.02581908 2.233067 -0.1333401 0.2960469 2.371391 0.2798315 0.2780044 2.387109 0.2966065 -0.03590578 2.270114 0.07747748 0.2900244 2.381255 0.06462391 0.6531496 2.367853 
SlideRight -0.1491242 -0.01994377 2.243174 -0.1341898 0.2950536 2.372041 0.2794579 0.2781239 2.387748 0.2967485 -0.03579867 2.27012 0.07618456 0.2907171 2.382748 0.06374737 0.6540434 2.368734 
SlideRight -0.1514887 -0.01307473 2.250761 -0.1351399 0.2964898 2.37399 0.2775959 0.2805106 2.390352 0.3003427 -0.03103348 2.272848 0.07308547 0.2952214 2.386488 0.06123471 0.6598158 2.371741 
SlideRight -0.1558746 -0.001143888 2.260037 -0.1366771 0.2985951 2.376163 0.2738674 0.2858197 2.393019 0.3049313 -0.02392534 2.27128 0.06888436 0.3007863 2.390389 0.05997024 0.6659031 2.374143 
SlideRight -0.1610164 0.002342603 2.262839 -0.1421194 0.3060561 2.379211 0.2709549 0.2912239 2.396766 0.321597 -0.01266707 2.269582 0.06371092 0.3055131 2.393743 0.05728504 0.6696532 2.374668 
SlideRight -0.1750572 0.02458727 2.269389 -0.1498107 0.3092876 2.382544 0.2610071 0.3035824 2.406584 0.3452293 0.01271921 2.278987 0.05651204 0.3112409 2.397438 0.05055862 0.6767192 2.375835 
SlideRight -0.1762611 0.02529754 2.269659 -0.1631101 0.3125101 2.38698 0.2596337 0.3040496 2.408777 0.3735567 0.007896259 2.283288 0.04865697 0.3149529 2.40109 0.04420573 0.6796221 2.376929 
SlideRight -0.1907406 0.01774771 2.268042 -0.184918 0.3181284 2.390709 0.2588051 0.3041616 2.412349 0.4270004 0.04202476 2.269939 0.03958775 0.3154096 2.404254 0.03618178 0.6788186 2.378407 
SlideRight -0.219833 -0.02194194 2.253863 -0.2029258 0.3148491 2.388674 0.2602229 0.3040496 2.416195 0.4780861 0.0945489 2.255109 0.02522242 0.3116207 2.407079 0.02554518 0.6742787 2.377418 
SlideRight -0.2526879 -0.01220409 2.227054 -0.2501486 0.3229302 2.365736 0.2604988 0.3057904 2.422283 0.522315 0.1837469 2.257499 0.0112942 0.3017634 2.409896 0.01336023 0.6652817 2.379292 
SlideRight -0.2860939 0.0464842 2.164539 -0.2618332 0.3325486 2.369338 0.2566 0.308416 2.430877 0.5461014 0.2809669 2.275648 0.005244279 0.2961435 2.412465 0.007810527 0.6579575 2.381102 
SlideRight -0.3033656 0.1425179 2.10497 -0.2758809 0.3614789 2.36923 0.261847 0.3309758 2.441374 0.5587692 0.3776077 2.288054 0.0003495086 0.2927642 2.413767 0.002036306 0.6555755 2.382215 
SlideRight -0.3305883 0.2533073 2.059617 -0.2843245 0.3775427 2.364488 0.2901872 0.3601576 2.436487 0.5488642 0.4886112 2.29098 -0.001617974 0.2942243 2.414134 -0.001715103 0.6569372 2.383885 
SlideRight -0.3677939 0.3574546 2.047121 -0.2845991 0.3778387 2.358488 0.2895418 0.3665113 2.437941 0.519447 0.5541378 2.300102 -0.002920797 0.298153 2.41552 -0.003065039 0.6588047 2.386387 
SlideRight -0.3976358 0.4902636 2.00827 -0.3081845 0.3844947 2.296962 0.2930968 0.364192 2.442673 0.4905241 0.6109675 2.309805 -0.004244072 0.3012365 2.416536 -0.007050452 0.6644355 2.391111 
SlideRight -0.3869164 0.5665047 2.042563 -0.3213555 0.4075796 2.273217 0.3254797 0.3704196 2.444086 0.4752778 0.6607605 2.320891 -0.00438785 0.3035657 2.417733 -0.006975845 0.6667958 2.394904 
SlideRight -0.3816601 0.645588 2.068556 -0.3313958 0.436866 2.251881 0.33566 0.3787419 2.443596 0.4691496 0.6864005 2.337001 -0.004042151 0.3036224 2.418134 -0.007048388 0.6672819 2.396837 
SlideRight -0.3715695 0.7117928 2.100095 -0.3355762 0.4646342 2.238949 0.349749 0.384288 2.444313 0.4718684 0.6949008 2.346098 -0.003869705 0.3027242 2.419102 -0.008093155 0.6663268 2.399736 
SlideRight -0.3621821 0.7528529 2.13028 -0.3350529 0.476894 2.237259 0.3575407 0.3727995 2.452095 0.4785785 0.6854333 2.355963 -0.003518492 0.3019597 2.420209 -0.008314533 0.6662139 2.402681 
SlideRight -0.3535882 0.7663625 2.148256 -0.3332477 0.486627 2.235374 0.3583523 0.367415 2.451269 0.5230819 0.6520017 2.373253 -0.001928864 0.3012977 2.421936 -0.004800451 0.6656863 2.407806 
SlideRight -0.3375582 0.7726446 2.165256 -0.3309975 0.4910711 2.236517 0.3450993 0.3395818 2.449064 0.5550259 0.5920565 2.375321 0.0002376135 0.3013023 2.423461 -0.001584998 0.6669347 2.411011 
SlideRight -0.315985 0.7843678 2.18309 -0.3260069 0.4976252 2.239279 0.3433294 0.3393971 2.443837 0.6166726 0.532743 2.383384 0.004659617 0.3023386 2.425542 0.00224873 0.6684946 2.413412 
SlideRight -0.3051702 0.7777613 2.184546 -0.318434 0.4957602 2.248034 0.3382699 0.3456035 2.444507 0.6503662 0.4474773 2.379358 0.01103702 0.3052886 2.427687 0.009659547 0.6705027 2.415528 
SlideRight -0.2971463 0.7640165 2.180089 -0.3099768 0.4912027 2.253286 0.3295727 0.3442879 2.449393 0.6519086 0.3551474 2.384853 0.02067693 0.305569 2.430077 0.01874986 0.670341 2.417244 
SlideRight -0.2740339 0.7291206 2.167556 -0.2971758 0.4771283 2.263615 0.3323182 0.3319593 2.451691 0.6608385 0.2430344 2.381804 0.03031683 0.30651 2.432899 0.02890431 0.6707624 2.419075 
SlideRight -0.283438 0.6941432 2.148985 -0.2787194 0.4502754 2.274555 0.3359534 0.3157341 2.45392 0.6406279 0.1333591 2.397984 0.03958394 0.3058623 2.434616 0.03986648 0.6689456 2.42047 
SlideRight -0.2803409 0.6279132 2.134492 -0.2449681 0.4095367 2.295479 0.3379338 0.3045993 2.454901 0.5977929 0.05709406 2.409951 0.04777233 0.3046012 2.436519 0.04650529 0.6668194 2.42075 
SlideRight -0.3029507 0.5518386 2.108471 -0.1956977 0.3588675 2.363169 0.3484675 0.2863166 2.452333 0.5865034 0.03044647 2.412795 0.05907859 0.3035338 2.439073 0.05983512 0.6603897 2.419031 
SlideRight -0.2898699 0.4315084 2.116372 -0.1678194 0.3479964 2.417329 0.3509504 0.2841843 2.452209 0.5838096 0.01983902 2.413536 0.06621587 0.2998548 2.440981 0.06396127 0.6578577 2.418953 
SlideRight -0.2885962 0.299552 2.126605 -0.1427564 0.3472096 2.431366 0.3604753 0.2820932 2.450257 0.5932518 0.02099056 2.411867 0.07252655 0.2975636 2.442524 0.07103374 0.6531904 2.419091 
SlideRight -0.2758946 0.1615545 2.171236 -0.1290459 0.3287807 2.430603 0.3712166 0.284566 2.449391 0.6114457 0.04357938 2.403352 0.07762104 0.296453 2.443026 0.0745157 0.6508719 2.419544 
SlideRight -0.2671699 0.05661877 2.229173 -0.1237555 0.3191303 2.43733 0.3912698 0.2987403 2.447618 0.6690394 0.1101076 2.376623 0.08124573 0.2974387 2.442575 0.07654205 0.6505197 2.419722 
SlideRight -0.2285765 -0.03140986 2.322367 -0.1179503 0.3046874 2.443474 0.4037575 0.3164561 2.44406 0.7285344 0.1770919 2.366943 0.0828657 0.2978368 2.442024 0.07774256 0.6506578 2.420656 
SlideRight -0.1913441 -0.04441309 2.393528 -0.1168028 0.2859822 2.450929 0.4190643 0.3467762 2.445662 0.7350931 0.2701493 2.352983 0.08440892 0.2985531 2.44173 0.07947712 0.6511169 2.422305 
SlideRight -0.1546965 -0.02887683 2.44545 -0.114027 0.2823499 2.457358 0.4299581 0.3730825 2.44704 0.7377795 0.3625134 2.337868 0.08553268 0.2986808 2.44105 0.08049844 0.6511791 2.422375 
SlideRight -0.1375716 -0.01261212 2.489015 -0.1075832 0.2844999 2.471235 0.4803401 0.4045037 2.435198 0.7525164 0.4410636 2.326943 0.08616171 0.2988567 2.440322 0.08045325 0.6513085 2.422432 
SlideRight -0.13185 -0.0149014 2.517234 -0.1046552 0.2988949 2.48667 0.4872859 0.4271796 2.436 0.7471973 0.5517459 2.312355 0.08621735 0.2990504 2.439617 0.07852519 0.6524859 2.4225 
SlideRight -0.131617 -0.004043827 2.543617 -0.1021302 0.3109947 2.496666 0.4864907 0.4567013 2.439485 0.7934417 0.6196404 2.303433 0.0865765 0.3001166 2.438578 0.07682656 0.6537009 2.421905 
SlideRight -0.1285933 -0.001964816 2.552596 -0.1023424 0.3122198 2.499646 0.48209 0.4784074 2.443053 0.6904919 0.691583 2.31145 0.08638999 0.301339 2.437335 0.07346895 0.6550975 2.421068 
SlideRight -0.1303891 -0.003105946 2.55999 -0.104576 0.312194 2.50241 0.4559623 0.4913476 2.457649 0.6357431 0.732718 2.328158 0.08562338 0.3022805 2.436132 0.07065138 0.6558458 2.420483 
SlideRight -0.131375 -0.001968408 2.55883 -0.1086941 0.3104745 2.503429 0.4816288 0.4701379 2.466161 0.5946806 0.7703575 2.335106 0.08246375 0.3048495 2.433226 0.06154481 0.6592793 2.419124 
SlideRight -0.1554868 -0.01135425 2.544259 -0.1195412 0.3071656 2.496109 0.4769639 0.4762194 2.463139 0.5780894 0.7863367 2.339067 0.07902826 0.3061762 2.431753 0.05416927 0.6629465 2.419595 
SlideRight -0.1861167 -0.02347277 2.513595 -0.1349741 0.304395 2.47744 0.4633892 0.4728245 2.478105 0.5651581 0.7844551 2.34374 0.07116424 0.3057871 2.428977 0.04703406 0.6650445 2.4185 
SlideRight -0.22868 -0.05297427 2.486219 -0.1573589 0.282713 2.465192 0.454995 0.4652987 2.475693 0.5535129 0.7774713 2.347745 0.05707926 0.3029827 2.4258 0.03548678 0.6645664 2.415924 
SlideRight -0.2757001 -0.04869812 2.431565 -0.1677584 0.2750004 2.455771 0.450942 0.4563969 2.473626 0.5526425 0.7700795 2.3474 0.04877386 0.3004833 2.424193 0.02963938 0.6629873 2.415735 
SlideRight -0.3213165 -0.03654633 2.379642 -0.1844708 0.2687167 2.444202 0.4319159 0.4106527 2.452847 0.5621467 0.7040855 2.347741 0.043727 0.2977395 2.424182 0.02436312 0.6600066 2.416091 
SlideRight -0.3865723 0.01326897 2.308825 -0.2113772 0.2786301 2.426834 0.4018327 0.418532 2.441023 0.5849538 0.6454362 2.340846 0.03816838 0.2945933 2.423722 0.02122042 0.65773 2.415613 
SlideRight -0.4389079 0.08096867 2.243098 -0.2448009 0.2893273 2.40279 0.390097 0.3923705 2.436138 0.6091197 0.5685017 2.329969 0.03239243 0.2925001 2.423321 0.01802195 0.655437 2.415374 
SlideRight -0.4747803 0.1693653 2.1839 -0.2589529 0.3216541 2.39657 0.3563588 0.3705519 2.435911 0.6385794 0.4916486 2.317135 0.02658628 0.2930277 2.422529 0.01525249 0.6554325 2.416243 
SlideRight -0.4848458 0.2765507 2.145167 -0.2744679 0.3588352 2.388107 0.3089494 0.3525224 2.445305 0.6401625 0.4011545 2.324507 0.02188706 0.2969871 2.422046 0.01270538 0.6578251 2.417751 
SlideRight -0.4972045 0.3779082 2.122326 -0.2829315 0.3733503 2.382266 0.3077044 0.3444528 2.442453 0.6311752 0.294584 2.325918 0.01689265 0.3015824 2.421253 0.01082749 0.6608794 2.417813 
SlideRight -0.4882653 0.4753772 2.107406 -0.3186089 0.4069985 2.35693 0.3003944 0.3109543 2.433653 0.6016748 0.188103 2.329911 0.01385335 0.3043983 2.420153 0.01063984 0.6634577 2.416922 
SlideRight -0.4776285 0.5512099 2.106551 -0.3236242 0.4187878 2.354981 0.2909604 0.2940696 2.432584 0.5671972 0.1058281 2.336678 0.01239994 0.3063059 2.41989 0.01088058 0.6646261 2.416342 
SlideRight -0.4639484 0.6249403 2.104189 -0.3234274 0.4188839 2.3564 0.2803654 0.2831063 2.433336 0.5104697 0.03838419 2.34763 0.01067764 0.3060229 2.41941 0.01085927 0.6646771 2.415801 
SlideRight -0.4472324 0.6780572 2.113969 -0.3438987 0.4325339 2.344442 0.2679019 0.2736714 2.433095 0.4739243 -0.01780201 2.364867 0.009423761 0.3048684 2.418771 0.01104569 0.6632477 2.414169 
SlideRight -0.4398929 0.6879126 2.116882 -0.3557278 0.4779868 2.307656 0.2575934 0.2686356 2.42985 0.4196511 -0.05303632 2.400078 0.009022015 0.304278 2.418374 0.0115693 0.6624248 2.412719 
SlideRight -0.4321315 0.6988481 2.122567 -0.3552288 0.4775755 2.307337 0.2483266 0.2663405 2.427109 0.4033708 -0.07494454 2.414346 0.009342035 0.3043448 2.417885 0.01277067 0.6620119 2.410987 
SlideRight -0.4228519 0.7012203 2.124178 -0.3511635 0.4740609 2.305843 0.2455765 0.2657607 2.425138 0.3872425 -0.07826182 2.421981 0.01050496 0.3042323 2.41641 0.01375633 0.6626225 2.408991 
SlideRight -0.4066608 0.673086 2.121016 -0.3384752 0.464371 2.304022 0.245275 0.2655688 2.423997 0.3802461 -0.0688393 2.4277 0.01268747 0.3050224 2.41416 0.01712041 0.6640681 2.405238 
SlideRight -0.3972414 0.6356024 2.119541 -0.3266716 0.4504392 2.302433 0.2464383 0.2683614 2.422675 0.3874007 -0.07496201 2.431172 0.01577399 0.3055238 2.412232 0.01921795 0.6644515 2.403274 
SlideRight -0.3906638 0.5789931 2.106526 -0.3102961 0.4292804 2.304949 0.2578892 0.2696703 2.42109 0.4185348 -0.05767792 2.434075 0.01998554 0.3049006 2.409244 0.02136916 0.6642076 2.400216 
SlideRight -0.3811631 0.5058322 2.10132 -0.2621832 0.3865961 2.342116 0.276158 0.2754914 2.419233 0.4698113 -0.02400549 2.409552 0.02325352 0.3046892 2.406204 0.02410327 0.6649306 2.395755 
SlideRight -0.3793051 0.4212717 2.100349 -0.2512184 0.3723261 2.342302 0.2995914 0.2808625 2.414707 0.5221023 0.002893716 2.389374 0.02924129 0.3044787 2.402819 0.02703857 0.6648949 2.393151 
SlideRight -0.3869466 0.3072901 2.077746 -0.2305249 0.3242652 2.329458 0.3272815 0.2915119 2.411623 0.5722345 0.03925492 2.372035 0.03648028 0.3056133 2.399547 0.03067414 0.664666 2.389305 
SlideRight -0.3623673 0.1999717 2.128274 -0.1784523 0.3316207 2.387395 0.350356 0.3103963 2.411445 0.6091948 0.1042713 2.359605 0.04304011 0.3067369 2.397645 0.03241178 0.6653489 2.387232 
SlideRight -0.317212 0.08678649 2.186166 -0.1646903 0.3064585 2.386503 0.3668939 0.3161289 2.408316 0.6753592 0.1655516 2.353294 0.05076581 0.3069297 2.395537 0.03749056 0.6657706 2.383605 
SlideRight -0.273398 -0.02263061 2.262622 -0.156739 0.303462 2.38984 0.3880338 0.3351535 2.406863 0.7266786 0.2452187 2.342924 0.0566003 0.3067795 2.394484 0.04120504 0.6658322 2.381982 
SlideRight -0.2250557 -0.07690859 2.324208 -0.1459816 0.2810478 2.391995 0.3959296 0.3550373 2.409032 0.7192997 0.3255244 2.32168 0.06293777 0.3049037 2.394281 0.04784442 0.6645327 2.379357 
SlideRight -0.1692286 -0.06413127 2.382184 -0.1359295 0.2708831 2.397682 0.407617 0.3669378 2.408342 0.7356899 0.3925254 2.30798 0.06787547 0.3026006 2.394552 0.05244027 0.6610177 2.376384 
SlideRight -0.1302973 -0.01859707 2.40843 -0.1210712 0.26874 2.407089 0.4592089 0.3906798 2.399317 0.7263938 0.487886 2.295314 0.07535681 0.2985484 2.394359 0.05904239 0.6559466 2.373027 
SlideRight -0.1173392 -0.008762512 2.432806 -0.1020781 0.2886942 2.424074 0.459477 0.3922354 2.399739 0.7348433 0.5562333 2.284104 0.08126227 0.2961752 2.393198 0.06468527 0.6527013 2.369224 
SlideRight -0.1078767 -0.008134607 2.447298 -0.09765361 0.291932 2.428477 0.4550396 0.3860506 2.40477 0.6792706 0.6092823 2.285508 0.08722231 0.2948103 2.391483 0.0697617 0.6517268 2.366609 
SlideRight -0.09321577 0.01751714 2.470699 -0.09273955 0.3009551 2.434427 0.4523762 0.3824263 2.415827 0.6301875 0.6481201 2.282855 0.09379072 0.2957794 2.389135 0.076409 0.6542768 2.364547 
SlideRight -0.09360069 0.007832037 2.484785 -0.09064123 0.3060371 2.437492 0.4539634 0.383498 2.419456 0.5907323 0.6803726 2.282231 0.09853545 0.2981844 2.387298 0.08334772 0.6589063 2.364057 
SlideRight -0.09746082 0.003496699 2.486866 -0.09007377 0.3064712 2.438138 0.4636706 0.3889233 2.410675 0.5739778 0.6910377 2.283442 0.1014803 0.3000467 2.384866 0.08504105 0.660934 2.363019 
SlideRight -0.1256267 -0.01962375 2.472237 -0.09001321 0.3063952 2.438085 0.4696201 0.3845338 2.414869 0.5377412 0.7033769 2.287671 0.1041029 0.2996864 2.382328 0.0888668 0.6616679 2.361763 
SlideRight -0.1486592 -0.04678154 2.469928 -0.09430627 0.2902103 2.433384 0.4705175 0.3726366 2.420957 0.5316414 0.697376 2.289471 0.1073644 0.2986033 2.379372 0.09414046 0.6614506 2.361026 
SlideRight -0.1904361 -0.04413137 2.420186 -0.1036586 0.2819081 2.423447 0.440857 0.4003112 2.408417 0.5222701 0.6723233 2.289014 0.1097166 0.2974016 2.376723 0.09734622 0.6609972 2.360386 
SlideRight -0.2379406 -0.03109195 2.371473 -0.1090267 0.286182 2.417764 0.4307032 0.3877589 2.408573 0.5383523 0.6512293 2.29133 0.1110109 0.2971577 2.374748 0.09916259 0.6601675 2.360031 
SlideRight -0.2804458 -0.007096492 2.311205 -0.1226952 0.2896523 2.407688 0.4200308 0.3766161 2.409749 0.5774816 0.5990346 2.286212 0.1115155 0.29715 2.373188 0.09986371 0.6599643 2.359694 
SlideRight -0.3152097 0.05308907 2.254253 -0.1393928 0.3111529 2.398346 0.4139172 0.3658194 2.408383 0.6170422 0.5405864 2.282781 0.111841 0.2971709 2.372323 0.1010077 0.6599381 2.35979 
SlideRight -0.3420324 0.1456481 2.199138 -0.146617 0.3208557 2.395512 0.4047464 0.347043 2.405979 0.6769856 0.4839334 2.278786 0.1117099 0.2973769 2.371556 0.1018138 0.6599014 2.359707 
SlideRight -0.3557504 0.2431247 2.157021 -0.1527728 0.3395906 2.398111 0.3953336 0.3402447 2.403148 0.7103138 0.3854321 2.281208 0.1096402 0.2980194 2.37008 0.1016189 0.6600529 2.359564 
SlideRight -0.3588423 0.341167 2.134826 -0.1609364 0.3552592 2.399379 0.3897454 0.334094 2.39974 0.7122831 0.2970637 2.286401 0.1081946 0.2985396 2.369461 0.100929 0.6602553 2.359571 
SlideRight -0.3467082 0.4191476 2.133707 -0.1739972 0.3684038 2.395981 0.3888407 0.3164858 2.390896 0.7026486 0.1800445 2.297525 0.1040203 0.2991356 2.368491 0.09952734 0.6611376 2.359544 
SlideRight -0.3345985 0.4957174 2.118812 -0.1969026 0.357481 2.391667 0.3823685 0.3052087 2.388237 0.6338277 0.0972604 2.306852 0.09851737 0.3003228 2.367496 0.09489477 0.6609744 2.359207 
SlideRight -0.3207238 0.5508123 2.128546 -0.2223808 0.3504891 2.395106 0.3707461 0.281938 2.385959 0.5878695 0.04045475 2.32111 0.0930227 0.3008506 2.366959 0.09234862 0.6620674 2.359341 
SlideRight -0.3026436 0.5932684 2.137651 -0.220104 0.3626388 2.394281 0.3450198 0.2706894 2.38649 0.5256722 0.001475923 2.336529 0.0831621 0.3019119 2.36565 0.07935307 0.6617644 2.357749 
SlideRight -0.3030177 0.6036159 2.142529 -0.2213586 0.3669835 2.391867 0.3237118 0.2680334 2.387339 0.47374 -0.02943191 2.357629 0.07473376 0.3024268 2.364762 0.07203673 0.6620179 2.357222 
SlideRight -0.3005538 0.6176236 2.148502 -0.2249347 0.3717802 2.391329 0.2933994 0.2635647 2.389903 0.4275325 -0.05237401 2.370185 0.06522308 0.3021509 2.363296 0.06423468 0.6606448 2.356981 
SlideRight -0.3006907 0.6180402 2.149497 -0.2738983 0.3485484 2.359079 0.2715459 0.2597266 2.388829 0.3863989 -0.06924658 2.390743 0.05434263 0.3009609 2.363122 0.05296119 0.6592265 2.35745 
SlideRight -0.3022687 0.6126442 2.151717 -0.2738875 0.3443457 2.363355 0.2586014 0.2596765 2.389417 0.368745 -0.07759479 2.397013 0.04135007 0.298241 2.364173 0.04131405 0.6578313 2.359041 
SlideRight -0.3082767 0.5799697 2.143898 -0.287326 0.3268046 2.373688 0.2411299 0.2561945 2.392987 0.3508016 -0.08440856 2.403219 0.02597187 0.2970334 2.364522 0.02079711 0.6590604 2.358313 
SlideRight -0.3179601 0.5304984 2.121724 -0.2736263 0.3735417 2.348109 0.2204514 0.254516 2.393668 0.346805 -0.08414809 2.403001 0.01590632 0.2969846 2.364871 0.0152793 0.657847 2.357415 
SlideRight -0.3306288 0.4823096 2.090237 -0.2746138 0.3673446 2.349137 0.2114594 0.2566184 2.392919 0.3436363 -0.08410101 2.401626 0.00198544 0.2935668 2.365012 0.004970017 0.6555142 2.356131 
SlideRight -0.3510764 0.3788108 2.072379 -0.2733401 0.3645189 2.353475 0.2040792 0.2572441 2.392829 0.3444555 -0.07958335 2.394354 -0.008695783 0.2947136 2.364548 -0.002656382 0.6556363 2.355567 
SlideRight -0.3643388 0.2844411 2.079227 -0.2720102 0.3648375 2.360789 0.2002211 0.261911 2.392648 0.3566237 -0.06157147 2.378912 -0.01721701 0.2969186 2.364065 -0.009079479 0.6566887 2.355464 
SlideRight -0.3746396 0.1915595 2.087232 -0.2690072 0.3373318 2.376815 0.2007973 0.2626899 2.392787 0.3822425 -0.02954695 2.36443 -0.02446746 0.2987561 2.363694 -0.01643366 0.6585631 2.355288 
SlideRight -0.3702927 0.09018233 2.131554 -0.2763161 0.337213 2.366282 0.2037617 0.2665877 2.39379 0.4274287 0.01040485 2.342383 -0.03270514 0.3020114 2.36303 -0.02582252 0.6611903 2.355285 
SlideRight -0.3610477 0.02306947 2.200846 -0.2847559 0.3229411 2.350945 0.2076615 0.2818565 2.393302 0.4626022 0.050507 2.310414 -0.03763109 0.3026053 2.362657 -0.03302136 0.6632221 2.355873 
SlideRight -0.3513134 -0.01189453 2.268021 -0.289037 0.3063194 2.347488 0.2100998 0.2883274 2.392837 0.4906021 0.1089513 2.291148 -0.04117659 0.3027685 2.362259 -0.03946458 0.6640455 2.355394 
SlideRight -0.3438322 -0.02900242 2.339893 -0.2909753 0.2972287 2.349646 0.2165511 0.3052013 2.388585 0.5088189 0.1851994 2.276507 -0.04359081 0.302707 2.361942 -0.0441043 0.6640876 2.354597 
SlideRight -0.3365581 -0.02923043 2.37486 -0.2916204 0.2848892 2.365593 0.1981124 0.3321384 2.394664 0.5314711 0.263483 2.265958 -0.04705352 0.3017763 2.361541 -0.04973865 0.6633704 2.354401 
SlideRight -0.3303202 -0.02148562 2.393017 -0.2877717 0.2866778 2.380709 0.2145059 0.3359163 2.38849 0.5356725 0.343565 2.26282 -0.04968732 0.3002248 2.361269 -0.05173574 0.6624539 2.354301 
SlideRight -0.3232327 -0.02128896 2.413337 -0.2845013 0.2912069 2.39296 0.2221474 0.3428772 2.388896 0.5228025 0.4244948 2.264096 -0.05148439 0.2999015 2.361398 -0.05465921 0.6621101 2.353374 
SlideRight -0.3188285 -0.01832662 2.42996 -0.2814139 0.2907421 2.416312 0.2297131 0.3555183 2.387386 0.5067479 0.5005069 2.264622 -0.05362757 0.2998731 2.361877 -0.05969934 0.6629617 2.352441 
SlideRight -0.3196323 -0.02018461 2.434592 -0.2798051 0.2979304 2.426778 0.2267909 0.3478215 2.392533 0.4698134 0.5499787 2.277463 -0.05536585 0.3004249 2.362479 -0.06233159 0.6636804 2.351577 
SlideRight -0.3177792 -0.0193761 2.446301 -0.2791372 0.2988021 2.430906 0.2312183 0.3431904 2.400892 0.437214 0.5973101 2.284063 -0.05664293 0.3010611 2.363131 -0.06386133 0.6636783 2.35103 
SlideRight -0.3180243 -0.02031142 2.448352 -0.2791505 0.2988237 2.431017 0.2364833 0.3432413 2.406287 0.4148237 0.624285 2.289349 -0.05800499 0.3009317 2.363687 -0.06660625 0.6631106 2.350533 
SlideRight -0.318267 -0.02046253 2.448256 -0.2793223 0.2973592 2.429662 0.2402308 0.3428565 2.414807 0.4042084 0.6309228 2.291994 -0.05845933 0.3009601 2.363645 -0.07013872 0.6625558 2.349064 
SlideRight -0.3183901 -0.0202071 2.439199 -0.2806333 0.2935074 2.42399 0.2448904 0.3390351 2.418021 0.3888183 0.6336424 2.290686 -0.05869977 0.3007971 2.363653 -0.07288636 0.6623261 2.348468 
SlideRight -0.3261069 -0.03524419 2.411961 -0.2823146 0.2858063 2.416628 0.2475049 0.3358607 2.421715 0.3888952 0.6334065 2.290788 -0.05892357 0.3007489 2.363692 -0.07400993 0.6609545 2.348166 
SlideRight -0.3430052 -0.04358704 2.388251 -0.2863145 0.2798056 2.40685 0.2513464 0.326211 2.418181 0.4037729 0.6107658 2.282 -0.05857633 0.3004302 2.363906 -0.07387064 0.6604397 2.348315 
SlideRight -0.3707 -0.0357247 2.325439 -0.2882233 0.2813238 2.401443 0.2536814 0.3209437 2.404843 0.450977 0.5620198 2.271546 -0.05750549 0.3002739 2.364206 -0.07370475 0.6602861 2.349061 
SlideRight -0.3989822 0.001396036 2.271927 -0.2880073 0.2886346 2.395844 0.2505937 0.3170629 2.404189 0.4994311 0.50179 2.258998 -0.05614907 0.3003815 2.364521 -0.07219632 0.6601191 2.349764 
SlideRight -0.4226075 0.04936047 2.231524 -0.2898136 0.298375 2.391247 0.2506393 0.3181802 2.396668 0.5577196 0.4247505 2.258025 -0.05293908 0.3013253 2.365233 -0.06893815 0.6606109 2.352084 
SlideRight -0.4457239 0.1165941 2.177139 -0.2927882 0.3117444 2.387148 0.2529695 0.3332739 2.389618 0.5695653 0.3219879 2.25466 -0.04888218 0.3018633 2.365677 -0.06385393 0.6616593 2.35376 
SlideRight -0.4538092 0.1990512 2.140229 -0.2917905 0.3234629 2.3835 0.2621276 0.3305358 2.384274 0.5608263 0.2202438 2.250722 -0.04273626 0.3018263 2.365278 -0.06033709 0.6617516 2.354366 
SlideRight -0.45744 0.2804972 2.105843 -0.2833213 0.32695 2.392714 0.2647106 0.3258998 2.383965 0.5293368 0.1243666 2.265987 -0.03441726 0.3022079 2.364326 -0.04500949 0.6603693 2.356154 
SlideRight -0.4420235 0.3623036 2.093964 -0.282977 0.3272157 2.393109 0.2707422 0.3118086 2.385033 0.4900655 0.06206469 2.27981 -0.02742033 0.300483 2.363165 -0.04012532 0.6592509 2.355117 
SlideRight -0.4255918 0.4296415 2.093814 -0.2835691 0.3236114 2.390937 0.269031 0.2912955 2.386535 0.4676214 0.0339926 2.29082 -0.0158939 0.3001642 2.360576 -0.02962501 0.6594147 2.35321 
SlideRight -0.4095381 0.479208 2.09654 -0.2870354 0.3244728 2.372573 0.2651573 0.2847393 2.387446 0.4308556 -0.008965038 2.308528 -0.002879584 0.3016463 2.357615 -0.02086712 0.6615616 2.35234
